28
46
31
30
21
32
84
34
34
28
40
27
30
42
45
28
66
36
55
49
38
55
26
32
61
24
44
36
35
26
37
55
85
28
47
29
27
29
28
61
29
33
33
40
55
42
31
38
47
28
57
28
45
28
36
44
31
31
39
29
27
27
40
36
30
29
58
46
27
28
50
29
37
48
51
28
27
29
48
38
26
31
32
38
35
28
31
48
39
50
38
32
31
35
33
29
29
34
30
30
32
34
32
24
27
32
33
35
32
28
25
59
51
31
48
25
30
43
27
71
28
27
26
30
37
32
35
31
60
56
28
67
29
39
27
32
27
41
26
27
32
42
38
30
33
31
47
34
29
26
32
90
27
29
26
32
37
52
49
32
44
31
38
49
30
34
31
35
42
40
86
36
34
52
49
26
32
48
32
38
30
37
27
29
27
29
33
29
29
33
36
25
34
32
31
46
27
48
40
44
32
34
56
36
49
38
48
26
33
29
31
45
32
31
29
53
28
27
31
50
28
74
32
49
33
31
46
56
35
26
21
28
40
28
33
33
37
64
31
31
35
39
30
37
49
29
27
34
37
29
58
49
33
34
33
32
28
30
32
26
56
30
38
26
32
43
32
39
36
32
31
63
29
42
30
52
25
34
27
50
32
31
35
28
29
24
25
30
41
39
33
32
33
44
47
26
31
33
31
30
29
35
35
36
40
50
49
27
27
31
27
25
35
54
33
28
33
30
34
30
31
33
28
41
33
67
33
26
50
30
42
26
26
29
31
34
32
29
32
34
34
33
28
49
32
37
42
27
33
34
32
35
43
27
27
27
58
24
26
34
34
54
27
34
36
33
33
24
35
55
26
28
83
34
34
47
37
44
28
30
39
30
33
39
30
55
34
42
30
30
32
44
27
29
56
38
32
37
42
37
33
29
39
30
62
57
57
35
33
88
34
33
34
26
48
34
34
47
26
29
47
27
27
26
42
31
41
31
42
42
37
27
34
31
44
35
31
52
41
33
34
23
46
25
72
26
29
25
41
56
52
30
36
31
30
34
33
32
53
37
37
45
27
30
29
33
38
33
29
33
30
42
36
34
51
33
57
30
38
59
34
31
47
41
31
33
43
33
24
32
30
36
40
45
37
29
34
81
39
33
55
37
39
29
46
32
30
33
32
49
54
86
30
41
77
37
47
35
33
40
48
59
55
25
28
30
26
47
48
35
30
65
25
31
27
30
47
30
31
27
30
51
40
29
44
31
26
24
42
33
29
28
32
51
30
31
29
38
30
29
44
30
45
30
32
28
46
28
31
39
29
40
35
30
30
32
27
32
64
26
45
35
35
26
24
35
74
28
48
41
108
30
30
42
30
46
31
30
33
29
43
31
30
27
32
26
34
25
32
32
48
