-1.49766830071
-10.9770911454
-7.58998053741
-7.4209900717
-5.2213077786
-7.01932705464
-17.6142307823
-7.81342447188
-7.90547684597
-0.719647702842
-9.89086585331
-6.781748916
-6.65080498242
-10.7205035411
-4.97772721915
-6.68789789984
-15.4863227423
-9.22240984735
-4.03174513845
-13.2432265001
-4.06609685682
-4.23284684356
-5.87959845883
-1.68359707654
-7.38701993015
-6.07244317572
-7.40853003316
-8.77892814407
-8.73392511495
-6.57790970388
-8.90191101328
-13.7318645603
-15.1757154642
-6.89383110334
-9.96978590436
-7.11465384631
-2.04352368725
-7.34395216298
-2.70292637023
-15.8422232805
-6.32525725946
-9.16962696052
-7.80359084203
-9.21572750521
-13.9606571864
-3.27568180823
-8.42057886614
-8.96379563535
-1.25375276224
-6.71991870011
-13.4154184492
-6.43040525357
-11.476143107
-6.52399347419
-9.47269573567
-10.7519103644
-7.17696768881
-2.56032435152
-9.35272886486
-3.29499399211
-6.86776336526
-1.89328541462
-3.96260222593
-3.4023891779
-6.39451635266
-7.71289856443
-12.9040948737
-11.2260045787
-5.61574251366
-2.35069325518
-12.3159805041
-7.0142494931
-9.55978660394
-5.60667528388
-7.61050109359
-7.76756366198
-2.00572228514
-7.4226295281
-12.2996026516
-4.20263303767
-6.95925996658
-7.97993137231
-8.29768391883
-0.950256224977
-8.57680253083
-6.29998050831
-7.77690487902
-10.3759983463
-9.7866843015
-3.0041033317
-9.51695395379
-7.5203600306
-7.97993137231
-8.63149312435
-2.33690698178
-1.90188430209
-7.23541863323
-7.45085639769
-2.69726684546
-6.63117447648
-8.24638491151
-8.71260979286
-8.47143199074
-5.70376194133
-6.95925996658
-8.16781642212
-7.39338601892
-8.30262116197
-3.23144035907
-2.41286744199
-6.22798200644
-15.1016097324
-13.861000402
-2.00007097431
-2.08915634937
-6.08933547206
-7.40355361442
-4.59178630399
-6.70695785385
-5.51387503811
-3.18844706812
-5.97273377772
-6.4435736746
-3.16472073413
-9.71130405674
-7.46465068386
-7.93336291569
-6.8873938712
-12.0457081596
-14.7568561355
-6.8344331908
-14.3837125834
-2.85818544979
-10.3521396312
-5.77234836746
-9.41394544163
-6.73440837572
-10.713932532
-2.30045441179
-7.46194554524
-7.87249644425
-3.99888615768
-9.24318151887
-7.59738800391
-8.70411868139
-6.7715035033
-10.1930063929
-7.31363272834
-7.16284990296
-2.35684484249
-7.53527894721
-9.422052921
-5.62114399268
-6.40503413471
-2.02379965359
-3.05391006993
-9.06070057309
-5.31313614617
-13.6348513935
-2.92085511103
-10.9563652296
-6.78906854534
-1.75176497688
-11.8233968289
-2.58902295029
-7.93490977992
-7.90037303188
-8.39657669596
-2.81768502348
-2.89839743214
-8.80976445179
-8.61520733158
-8.07414345255
-2.77936099012
-12.2595948941
-1.877233589
-7.70795777039
-3.44808444066
-8.66846882861
-1.75967254142
-6.4141468586
-4.30727275955
-6.52709691445
-6.60126369457
-6.3609548155
-6.40503413471
-3.19886411165
-7.74451577361
-2.67368280193
-7.83801589201
-7.59674374149
-6.88811520731
-7.77316360402
-7.6814116179
-7.06307453733
-1.5114243568
-6.59438975895
-12.4804096085
-9.28271250308
-5.20029386908
-6.21223644576
-8.90374561516
-12.9440615553
-2.98052602757
-6.2738561154
-8.29176172267
-12.225623958
-2.02847413374
-3.69760276869
-5.75171942716
-7.33483802762
-1.35470267069
-7.3180527549
-6.84813285931
-6.62313575836
-5.29071533982
-8.2133687025
-6.87056706447
-7.06307453733
-11.7395721356
-7.15146362116
-10.5166334517
-8.05276964851
-12.8991528822
-7.62739733137
-7.11807709358
-8.47607992223
-4.53775572823
-8.68809933456
-6.89442553675
-5.11063275729
-6.55827919794
-10.2809323868
-7.95713473085
-7.4209900717
-8.03060200677
-4.36181313229
-16.4219652099
-2.55161374485
-6.39451635266
-8.43525800795
-8.20876383272
-8.79394399878
-9.04077537638
-7.33927310516
-6.85471682263
-6.35735497538
-8.07050483045
-4.45475363719
-2.24005200983
-13.5821655048
-6.24391167167
-2.84902622299
-7.95111032855
-6.85498477495
-8.74071684748
-6.06757326832
-6.730260495
-7.81122427414
-5.71245841528
-5.39622126416
-7.16733947541
-4.57514717795
-5.68413143539
-8.27705091426
-10.4632314098
-7.92368682583
-3.18522791443
-3.31814924255
-8.09615043849
-4.09022783851
-7.76009839255
-2.40972778347
-10.544403268
-6.55827919794
-10.8654066886
-0.133097047314
-8.0389778951
-2.19666190344
-10.3117284864
-8.56205174771
-6.52804169061
-8.60488707542
-6.38722831364
-1.17521286427
-5.7044286182
-6.14330454945
-3.19337414275
-3.98818481791
-3.97495517669
-2.8359386975
-8.51634105247
-2.87192102731
-8.83756511614
-5.49912490804
-6.18408393914
-2.70371470913
-7.88701101908
-7.68676891251
-2.00504503554
-7.26003519956
-3.15073913156
-8.98304970054
-8.65027488925
-3.64801209235
-15.0322649239
-13.6178021024
-6.51456414752
-6.47071020346
-8.48525737985
-6.4523230603
-7.23541863323
-2.38570082562
-14.7091572487
-2.34664456459
-6.13662290584
-8.42771996337
-6.84452852921
-7.92170861333
-8.14818591617
-2.19666190344
-7.34073274129
-6.04727208309
-5.00652481645
-7.61476096263
-17.0624854349
-7.45085639769
-6.73438168681
-12.8986447274
-8.96635813265
-9.85299786687
-1.73639217325
-5.27157190262
-7.40964812761
-6.32466850918
-7.95183379346
-7.22118887117
-7.20155836523
-2.36650156792
-8.9025574872
-3.37035454975
-8.1262350689
-6.68260122209
-11.8177383365
-7.86745347441
-8.9514606657
-10.7045907018
-6.87461528089
-8.45760841885
-8.21402706469
-1.29665018877
-8.96341919459
-4.02114307076
-7.19110211949
-6.8149258214
-1.88862148743
-9.46430920817
-5.04330584553
-6.07990723381
-4.32001484355
-3.49294372198
-3.91037771122
-1.49596617473
-8.66001616293
-3.60982289292
-7.46465068386
-8.21547815743
-1.20457718652
-4.27918280218
-6.18347454158
-6.26861019537
-1.94757862894
-19.8021214185
-1.75939467071
-8.71412698281
-10.1418554255
-8.12281335365
-10.3575573015
-2.39929559574
-6.52804169061
-4.09817421089
-3.05942225109
-8.45421718222
-8.43104055432
-6.52399347419
-4.28732748697
-7.95111032855
-10.0360812969
-3.22453216336
-6.68128939879
-6.63117447648
-11.7632015408
-6.33650850566
-6.32525725946
-12.192361553
-9.19030787571
-7.61372727609
-9.70922513792
-11.7901153918
-3.33341040729
-7.9372873084
-7.25169059107
-9.57597652172
-2.9921761745
-16.0695647951
-2.44173859876
-7.30412525787
-9.01270499164
-7.16912546429
-7.0093971862
-7.86700699232
-3.34517457647
-8.14732780664
-6.05745543749
-3.42312926797
-3.38430379371
-7.85332007557
-12.8020136288
-6.3609548155
-6.63117447648
-11.257650292
-3.0468466105
-2.32972059307
-5.98194660989
-10.3477284357
-3.52786611204
-4.17239647178
-6.85498477495
-10.1661693699
-10.6419782408
-8.71412698281
-5.94062464107
-8.91314145956
-1.31720820076
-8.98667359776
-9.01270499164
-7.59738800391
-4.03697359702
-9.72317240738
-2.85921445829
-5.29176496779
-1.52370547513
-10.787506002
-0.70507744295
-3.65402553336
-5.93662093427
-2.5644361523
-6.94802470505
-10.3085002325
-4.27869760774
-13.66256275
-6.53268828105
-10.7249997829
-7.35457008648
-7.13926488115
-7.67441175813
-1.67922133294
-8.0535104278
-5.24508746559
-9.94868033587
-9.34517507041
-5.51132658791
-6.6126863763
-7.66383190431
-7.17696768881
-7.26490174293
-1.73013199553
-7.09844658764
-7.72905981056
-7.51548928036
-1.66692412277
-9.29535175415
-3.04253031691
-7.34073274129
-13.0516555603
-4.77404168807
-12.4870525257
-6.52399347419
-4.61914415157
-15.05859813
-3.88267744276
-8.02098534841
-11.2807167102
-6.52515266267
-7.96359210014
-8.10266715137
-11.8395700662
-7.83855590259
-2.59449622182
-1.29219762785
-2.72495902801
-9.50072149748
-10.6174592878
-12.658163323
-3.38901591584
-6.108965978
-7.58678932541
-10.0565749984
-2.36315889669
-1.79379173258
-13.6966349769
-3.50201136192
-9.01358482059
-7.71289856443
-10.2253790659
-7.82124283184
-2.67333958059
-6.74743588079
-6.97774806676
-9.68308336126
-12.8970252868
-21.456938896
-7.60607476713
-9.01358482059
-17.7834307439
-4.40960748564
-11.9268140729
-3.50170238205
-8.07074987693
-0.82667391829
-11.9041242603
-15.3167861906
-11.8456540185
-6.95925996658
-6.71417139798
-6.52399347419
-2.039220021
-11.7046558849
-12.2331468359
-8.59116909271
-7.02226798718
-16.4488565107
-1.93824243386
-8.18458948229
-5.52146091786
-6.38722831364
-11.6331128603
-7.20236082423
-2.19666190344
-7.24272015142
-2.33106274924
-13.3261831942
-10.3065567941
-6.38722831364
-4.90693769508
-1.64800087427
-2.05490277367
-6.1735932616
-3.61446323323
-3.32709961785
-1.59902826325
-6.95925996658
-7.40135956575
-11.9275172479
-1.82779396986
-8.09815591057
-7.38910906515
-10.8152820153
-1.67364222182
-6.95925996658
-11.0184120186
-2.49301036206
-11.9041242603
-7.02226798718
-2.67341101099
-6.94096334923
-10.4983259287
-6.47024763379
-3.2970947797
-10.5121907682
-6.55649003163
-10.5356912039
-3.50710066178
-6.65080498242
-7.46194554524
-8.05453136067
-6.3321698124
-7.21433695554
-5.87470669944
-6.30562675351
-5.50048537607
-8.63647611026
-8.755084296
-1.96183608071
-6.86688115886
-7.57899950207
-9.97847345667
-6.74073877244
-11.202300969
-10.1265421483
-11.8721638056
-3.17596930732
-7.15944344484
-10.1924205625
-7.99476893234
-10.6373597976
-3.16107869076
-7.62462157045
-8.11763120324
-0.266717618266
-10.6067951122
-8.53617576838
-7.11807709358
-2.15260200136
-2.8766611472
-2.23519507771
-8.755084296
-1.11540951992
-2.58662560011
-7.60494830648
-13.0869247404
