[[  2.25113685e-03   1.71224524e-03]
 [  2.26697069e-03   2.44968563e-03]
 [  2.26381539e-03   2.44468640e-03]
 [  2.26368575e-03   2.44500545e-03]
 [  8.33810017e-03   9.40259292e-03]
 [  2.26793459e-03   2.45003000e-03]
 [  2.26118692e-03   2.44366917e-03]
 [  1.62198292e-03   2.40885698e-03]
 [  2.58559941e-03   2.43692351e-03]
 [  1.73895026e-03   1.91776973e-03]
 [  4.88062386e-03   4.85958913e-03]
 [  1.97056215e-03   2.12766277e-03]
 [  3.98476330e-03   4.96649596e-03]
 [  1.57888880e-03   2.06881051e-03]
 [  2.26366152e-03   2.44564495e-03]
 [  3.35216472e-03   3.27703960e-03]
 [  2.26708815e-03   2.45076721e-03]
 [  3.33362879e-03   2.47854019e-03]
 [  2.26519461e-03   2.44597990e-03]
 [  2.55754837e-03   2.41813687e-03]
 [  1.96621783e-03   2.13064701e-03]
 [  2.24723327e-03   2.73883367e-03]
 [  1.96273092e-03   2.43633134e-03]
 [  2.58579375e-03   2.42907407e-03]
 [  8.28415104e-03   4.77952480e-03]
 [  0.00000000e+00   0.00000000e+00]
 [  2.55896070e-03   2.76218107e-03]
 [  2.26089756e-03   2.44273729e-03]
 [  1.59618269e-03   2.71346561e-03]
 [  1.97088727e-03   2.12781704e-03]
 [  2.21921367e-03   2.40500888e-03]
 [  2.92068700e-03   2.04674029e-03]
 [  2.55850427e-03   2.12161776e-03]
 [  2.26311626e-03   2.45169268e-03]
 [  2.55845464e-03   2.45565893e-03]
 [  2.58709210e-03   2.80797404e-03]
 [  0.00000000e+00   0.00000000e+00]
 [  2.67338197e-03   2.98580962e-03]
 [  1.95022567e-03   2.43947971e-03]
 [  2.56103302e-03   2.12503612e-03]
 [  1.64003039e-03   1.75458511e-03]
 [  2.55654513e-03   2.45156483e-03]
 [  1.92151608e-03   2.07623670e-03]
 [  3.14826673e-03   2.78014363e-03]
 [  2.25946366e-03   2.44483252e-03]
 [  2.57552772e-03   2.82044486e-03]
 [  2.55437514e-03   2.77717029e-03]
 [  2.26417811e-03   2.44484188e-03]
 [  1.37633937e-03   1.92009233e-03]
 [  2.55529841e-03   2.12232541e-03]
 [  0.00000000e+00   0.00000000e+00]
 [  2.54528455e-03   2.74810764e-03]
 [  2.55866595e-03   2.45121912e-03]
 [  2.88647651e-03   2.39191366e-03]
 [  1.93007933e-03   1.76985736e-03]
 [  2.26435450e-03   2.44484806e-03]
 [  3.33443477e-03   3.22790228e-03]
 [  2.26839106e-03   2.13332705e-03]
 [  3.17143935e-03   2.78089243e-03]
 [  1.94493062e-03   1.78077596e-03]
 [  2.26244196e-03   2.44500023e-03]
 [  2.26370515e-03   2.44340046e-03]
 [  2.61167674e-03   2.06461586e-03]
 [  2.23982624e-03   2.75822511e-03]
 [  2.61136322e-03   2.06422445e-03]
 [  1.62291669e-03   2.39200678e-03]
 [  2.53833765e-03   2.74791070e-03]
 [  2.26263738e-03   2.44569139e-03]
 [  1.96290640e-03   2.12253555e-03]
 [  0.00000000e+00   0.00000000e+00]
 [  2.26435450e-03   2.44484806e-03]
 [  2.26118692e-03   2.44366917e-03]
 [  1.96181868e-03   2.44557855e-03]
 [  2.26266779e-03   2.44432484e-03]
 [  2.58655572e-03   2.79555848e-03]
 [  2.25590455e-03   2.44324303e-03]
 [  2.26416396e-03   2.44493874e-03]
 [  2.58300584e-03   2.13052879e-03]
 [  2.56004803e-03   1.78027594e-03]
 [  0.00000000e+00   0.00000000e+00]
 [  3.25541718e-03   2.83543908e-03]
 [  2.26690055e-03   2.45076328e-03]
 [  1.13888828e-03   3.08319783e-03]
 [  5.48327829e-03   1.59686200e-03]
 [  2.26429062e-03   2.44485405e-03]
 [  2.25324811e-03   2.43955460e-03]
 [  2.26416233e-03   2.44524054e-03]
 [  3.43559498e-03   3.10293360e-03]
 [  3.82871188e-03   4.96200080e-03]
 [  6.47371208e-03   4.51445528e-03]
 [  1.95752340e-03   2.43293678e-03]
 [  2.26409312e-03   2.44484319e-03]
 [  2.24519128e-03   2.08414024e-03]
 [  2.26435450e-03   2.44484806e-03]
 [  2.25468158e-03   2.74972906e-03]
 [  2.20225406e-03   2.74911661e-03]
 [  2.85478789e-03   2.45802308e-03]
 [  0.00000000e+00   0.00000000e+00]
 [  2.55493519e-03   3.11993631e-03]
 [  2.25134141e-03   2.08604486e-03]
 [  1.97075387e-03   2.12574998e-03]
 [  2.26435450e-03   2.44484806e-03]
 [  4.12936463e-03   5.81434972e-03]
 [  1.96997046e-03   2.13170678e-03]
 [  1.21844709e-03   2.03341971e-03]
 [  1.55512923e-03   2.07118176e-03]
 [  2.25946366e-03   2.44483252e-03]
 [  3.24158872e-03   2.81697313e-03]
 [  3.23274421e-03   2.46281424e-03]
 [  1.91144822e-03   1.71048299e-03]
 [  2.56233380e-03   2.78808052e-03]
 [  2.26086478e-03   2.44432118e-03]
 [  2.24762284e-03   2.74479993e-03]
 [  2.56612121e-03   2.76583935e-03]
 [  2.26494808e-03   2.12603534e-03]
 [  8.19697038e-03   2.42930579e-02]
 [  2.26450926e-03   2.44501121e-03]
 [  2.27006188e-03   2.11481138e-03]
 [  2.18818629e-03   3.24266962e-03]
 [  3.19546794e-03   1.76016939e-03]
 [  3.50689314e-03   2.93020663e-03]
 [  2.26167036e-03   2.44567643e-03]
 [  2.61271993e-03   2.45660055e-03]
 [  2.85235710e-03   2.45885556e-03]
 [  2.55740147e-03   2.44863813e-03]
 [  3.15174585e-03   2.46055507e-03]
 [  2.26078436e-03   2.44239333e-03]
 [  2.26436057e-03   2.44465714e-03]
 [  1.96792271e-03   2.13030078e-03]
 [  2.12595615e-03   4.85239858e-03]
 [  1.93913274e-03   2.09463778e-03]
 [  1.95433260e-03   2.44252541e-03]
 [  2.90050987e-03   3.16512544e-03]
 [  2.25779013e-03   2.44898189e-03]
 [  3.74039657e-03   2.99292506e-03]
 [  2.25801479e-03   2.44014483e-03]
 [  2.23196216e-03   2.03319095e-03]
 [  2.26380563e-03   2.44495361e-03]
 [  2.21965146e-03   2.43774950e-03]
 [  2.26445130e-03   2.44446199e-03]
 [  2.26435450e-03   2.44484806e-03]
 [  2.26376070e-03   2.44352475e-03]
 [  3.09319790e-03   2.90339601e-03]
 [  1.96716171e-03   2.12500501e-03]
 [  2.26425857e-03   2.44487485e-03]
 [  2.88970452e-03   1.76138693e-03]
 [  3.47316634e-03   1.96142638e-03]
 [  4.86355838e-03   1.82724602e-03]
 [  2.26086478e-03   2.44432118e-03]
 [  2.24392597e-03   3.06159108e-03]
 [  2.26352523e-03   2.44331192e-03]
 [  3.76061813e-03   2.46794286e-03]
 [  2.56119973e-03   2.08933126e-03]
 [  2.26317803e-03   2.44523236e-03]
 [  2.55450702e-03   2.78682595e-03]
 [  2.26172818e-03   2.45088010e-03]
 [  1.95846154e-03   2.12350680e-03]
 [  3.08044454e-03   2.43920391e-03]
 [  2.26286699e-03   2.44495637e-03]
 [  2.59164483e-03   2.46940895e-03]
 [  2.25711208e-03   2.43962801e-03]
 [  1.97063343e-03   2.12702321e-03]
 [  2.91595642e-03   3.58955850e-03]
 [  1.95920590e-03   2.43374226e-03]
 [  2.25890393e-03   2.44206802e-03]
 [  3.34529541e-03   1.63266401e-03]
 [  3.01319082e-03   2.46282293e-03]
 [  1.97132198e-03   2.13409723e-03]
 [  2.26148283e-03   2.44148243e-03]
 [  2.26240108e-03   2.44111199e-03]
 [  2.60996739e-03   4.23054490e-03]
 [  2.55408375e-03   2.44368476e-03]
 [  2.26618772e-03   2.45170526e-03]
 [  1.96807380e-03   2.12803560e-03]
 [  2.25615573e-03   2.11728658e-03]
 [  2.26386920e-03   2.44391366e-03]
 [  2.55730752e-03   2.12452889e-03]
 [  2.55253228e-03   2.12369533e-03]
 [  1.94003556e-03   2.08500682e-03]
 [  3.91950877e-03   4.48030421e-03]
 [  1.97079785e-03   2.12781831e-03]
 [  1.93442154e-03   2.08578344e-03]
 [  9.46278429e-03   7.25684917e-03]
 [  0.00000000e+00   0.00000000e+00]
 [  3.90378228e-03   2.48239713e-03]
 [  1.96063277e-03   2.11979130e-03]
 [  2.55422764e-03   2.46284231e-03]
 [  2.26435450e-03   2.44484806e-03]
 [  2.26435450e-03   2.44484806e-03]
 [  2.26590339e-03   2.45044029e-03]
 [  2.25769710e-03   2.44004773e-03]
 [  2.26268705e-03   2.44559764e-03]
 [  2.25946288e-03   2.44378276e-03]
 [  2.26435450e-03   2.44484806e-03]
 [  1.87595348e-03   1.62404549e-03]
 [  2.96773263e-03   2.05247307e-03]
 [  1.93306367e-03   2.74159927e-03]
 [  2.25447243e-03   2.44325496e-03]
 [  2.25954122e-03   2.44472412e-03]
 [  2.24802802e-03   2.75968504e-03]
 [  2.27098001e-03   2.13303480e-03]
 [  1.93171036e-03   2.10888585e-03]
 [  2.20261607e-03   2.78534871e-03]
 [  2.26140786e-03   2.44327685e-03]
 [  1.93115307e-03   2.08404119e-03]
 [  2.59179675e-03   2.09518407e-03]
 [  2.26650635e-03   2.45207808e-03]
 [  2.26129527e-03   2.44577919e-03]
 [  2.25942676e-03   2.44713319e-03]
 [  2.26963544e-03   2.45856313e-03]
 [  2.54626634e-03   2.44686678e-03]
 [  2.16296466e-03   1.93059240e-03]
 [  2.88408730e-03   2.12441222e-03]
 [  2.26395100e-03   2.44481795e-03]
 [  2.87549286e-03   2.12467929e-03]
 [  2.26435450e-03   2.44484806e-03]
 [  2.25472801e-03   2.75009937e-03]
 [  1.96087976e-03   2.11388850e-03]
 [  2.24809201e-03   2.74206334e-03]
 [  1.96249112e-03   2.43442673e-03]
 [  3.52678265e-03   2.44966543e-03]
 [  2.26283877e-03   2.44414649e-03]
 [  2.55763365e-03   2.77131034e-03]
 [  2.25070914e-03   2.11251580e-03]
 [  2.25968873e-03   2.43932227e-03]
 [  1.96484813e-03   2.43799006e-03]
 [  2.23898003e-03   2.74972919e-03]
 [  1.96682157e-03   2.12545255e-03]
 [  1.50447691e-03   1.62464770e-03]
 [  2.55796153e-03   2.12666298e-03]
 [  1.95788101e-03   2.42323418e-03]
 [  2.61315858e-03   1.54197744e-03]
 [  2.56067765e-03   2.12879680e-03]
 [  2.91494671e-03   2.11814500e-03]
 [  2.26435450e-03   2.44484806e-03]
 [  1.97050156e-03   2.12753732e-03]
 [  1.91828601e-03   2.41914924e-03]
 [  2.26518812e-03   2.45226525e-03]
 [  3.21817983e-03   4.39586035e-03]
 [  2.25858461e-03   2.44225756e-03]
 [  2.61705750e-03   2.88576656e-03]
 [  2.26429062e-03   2.44485405e-03]
 [  3.48143292e-03   4.89263347e-03]
 [  2.26488557e-03   2.44359498e-03]
 [  1.95202607e-03   2.12495324e-03]
 [  2.55130340e-03   3.12860152e-03]
 [  2.96531185e-03   2.06772268e-03]
 [  2.26430462e-03   2.44473148e-03]
 [  1.96834342e-03   2.44666947e-03]
 [  2.26435450e-03   2.44484806e-03]
 [  1.92996186e-03   2.08580714e-03]
 [  3.76813119e-03   7.13811424e-03]
 [  2.54431583e-03   2.44233467e-03]
 [  2.26285530e-03   2.44895042e-03]
 [  2.56173599e-03   2.45754481e-03]
 [  2.85470197e-03   2.46760728e-03]
 [  2.55068712e-03   2.45504067e-03]
 [  2.25713309e-03   2.12471298e-03]
 [  2.26435450e-03   2.44484806e-03]
 [  3.36944180e-03   4.18125775e-03]
 [  3.03892630e-03   2.45488647e-03]
 [  2.56869579e-03   2.42430371e-03]
 [  2.26148660e-03   2.44620216e-03]
 [  2.54627245e-03   2.44775671e-03]
 [ -9.98326721e-01  -1.94425476e-02]
 [  2.26861866e-03   2.45699706e-03]
 [  2.26375199e-03   2.44484481e-03]
 [  2.55219997e-03   2.42678363e-03]
 [  2.26426722e-03   2.44494589e-03]
 [  2.26583942e-03   2.44631721e-03]
 [  2.18481060e-03   2.43230404e-03]
 [  2.26435450e-03   2.44484806e-03]
 [  2.25779817e-03   1.78395146e-03]
 [  2.26374533e-03   2.44524839e-03]
 [  2.26475856e-03   2.11817686e-03]
 [  2.26118692e-03   2.44366917e-03]
 [  2.25907426e-03   2.11049546e-03]
 [  2.26128289e-03   2.11109378e-03]
 [  3.85932249e-03   3.79556224e-03]
 [  2.26129527e-03   2.44577919e-03]
 [  2.26453442e-03   2.44515374e-03]
 [  2.64893782e-03   2.39545713e-03]
 [  2.26330870e-03   2.44400813e-03]
 [  2.26118692e-03   2.44366917e-03]
 [  4.17323463e-03   2.46195813e-03]
 [  1.94322488e-03   2.40522761e-03]
 [  2.26470159e-03   2.44388843e-03]
 [  2.20425685e-03   2.38773228e-03]
 [  2.23833599e-02  -9.98076722e-01]
 [  2.58196582e-03   2.14716374e-03]
 [  4.71334551e-03   3.57338578e-03]
 [  1.92138346e-03   2.10600614e-03]
 [  2.24744673e-03   2.44968553e-03]
 [  2.26391163e-03   2.44339525e-03]
 [  2.63156680e-03   3.69794801e-03]
 [  3.14825189e-03   2.46148234e-03]
 [  1.96342091e-03   2.12531310e-03]
 [  3.15973026e-03   3.10089713e-03]
 [  2.26058594e-03   2.44373292e-03]
 [  2.25826030e-03   2.11868810e-03]
 [  2.26056897e-03   1.78340231e-03]
 [  2.26435450e-03   2.44484806e-03]
 [  2.26561104e-03   2.45209191e-03]
 [  2.26444094e-03   2.44494619e-03]
 [  2.93749166e-03   3.21413704e-03]
 [  1.65246673e-03   2.42789678e-03]
 [  2.26401185e-03   2.44399065e-03]
 [  2.96427329e-03   2.42658641e-03]
 [  2.26870200e-03   2.45054677e-03]
 [  9.51997050e-04   9.86400897e-04]
 [  2.25245819e-03   2.76542011e-03]
 [  1.56073740e-03   2.43460989e-03]
 [  2.26442902e-03   2.45001614e-03]
 [  2.26435450e-03   2.44484806e-03]
 [  1.59194093e-03   3.40633790e-03]
 [  2.56253654e-03   2.43802328e-03]
 [  2.58121718e-03   2.45728463e-03]
 [  2.26422766e-03   2.12025415e-03]
 [  2.26427157e-03   2.44484712e-03]
 [  1.97036416e-03   2.12816093e-03]
 [  2.26882401e-03   2.45097890e-03]
 [  2.24820386e-03   2.74453133e-03]
 [  1.94815236e-03   1.77257636e-03]
 [  2.59259771e-03   2.83915519e-03]
 [  2.26058986e-03   2.44373105e-03]
 [  4.02948764e-03   4.57006142e-03]
 [  2.26906620e-03   2.13543019e-03]
 [  2.26435606e-03   2.44495155e-03]
 [  4.25801561e-03   6.94999539e-04]
 [  2.26375286e-03   2.44442489e-03]
 [  3.15482880e-03   2.46409564e-03]
 [  2.26349876e-03   2.44382054e-03]
 [  3.25561071e-03   2.43393440e-03]
 [  2.57646897e-03   2.44396959e-03]
 [  1.88156601e-03   2.43348953e-03]
 [  1.74642611e-03   3.68320880e-03]
 [  3.57147880e-03   4.24371294e-03]
 [  2.55715837e-03   2.45125690e-03]
 [  2.65886542e-03   5.16686259e-03]
 [  2.25973184e-03   2.13021989e-03]
 [  3.11381938e-03   5.20233639e-03]
 [  2.26708815e-03   2.45076721e-03]
 [  1.63479288e-03   2.40950415e-03]
 [  1.94425191e-03   2.45520399e-03]
 [  2.91276547e-03   2.05545696e-03]
 [  3.69471972e-03   2.42518356e-03]
 [  2.94702368e-03   2.11696780e-03]
 [  2.22551384e-03   2.40829001e-03]
 [  2.56727157e-03   2.46091679e-03]
 [  2.26391132e-03   2.44458002e-03]
 [  4.46828709e-03   6.43294558e-03]
 [  2.26444443e-03   2.44485149e-03]
 [  1.56349411e-03   1.66538461e-03]
 [  2.26083388e-03   2.44282761e-03]
 [  2.90624775e-03   2.39647233e-03]
 [  2.25327801e-03   2.44728188e-03]
 [  2.21936018e-03   2.04429629e-03]
 [  0.00000000e+00   0.00000000e+00]
 [  3.25336696e-03   2.83202875e-03]
 [  2.55208336e-03   2.45603572e-03]
 [  1.59620992e-03   2.07980323e-03]
 [  2.26435450e-03   2.44484806e-03]
 [  2.26435450e-03   2.44484806e-03]
 [  2.86319938e-03   2.46500094e-03]
 [  2.91943547e-03   2.09799487e-03]
 [  2.97589435e-03   2.42707354e-03]
 [  2.26134073e-03   2.44356214e-03]
 [  2.57182523e-03   2.44570841e-03]
 [  2.26346665e-03   2.44456482e-03]
 [  1.93851942e-03   2.09998128e-03]
 [  2.54836849e-03   2.44837554e-03]
 [  1.52617726e-03   2.73856828e-03]
 [  2.26563092e-03   2.44914029e-03]
 [  2.26435450e-03   2.44484806e-03]
 [  2.26397979e-03   2.44473459e-03]
 [  4.50066877e-03   5.38526467e-03]
 [  2.26435450e-03   2.44484806e-03]
 [  2.95349840e-03   2.07611288e-03]
 [  2.54805676e-03   2.44839449e-03]
 [  2.26622772e-03   2.45150927e-03]
 [  2.54765930e-03   2.44584097e-03]
 [  8.61451870e-03   9.40681270e-03]
 [  3.34067473e-03   3.26909940e-03]
 [  1.96720607e-03   2.12604546e-03]
 [ -5.12128474e-03  -3.20236651e-03]
 [  2.26418403e-03   2.44465078e-03]
 [  2.26159893e-03   2.44390650e-03]
 [  2.24118278e-03   2.42557857e-03]
 [  1.80335009e-03   2.41163752e-03]
 [  2.26418165e-03   2.44484368e-03]
 [  2.26445030e-03   2.44495646e-03]
 [  2.54936148e-03   3.15720979e-03]
 [  2.26433967e-03   2.44507910e-03]
 [  2.54823336e-03   2.44837842e-03]
 [  2.26399845e-03   2.44499770e-03]
 [  1.96451670e-03   2.43798968e-03]
 [  2.26357361e-03   2.44419683e-03]
 [  2.55555583e-03   2.45347977e-03]]